feap   ***Schalen Sandwich Mikroelement***
,,,3,6,4


solv
2

coor
       1, 0,    -1.00000000,    -1.00000000,    -0.40000000
       2, 0,    -1.00000000,    -0.83333331,    -0.40000000
       3, 0,    -1.00000000,    -0.66666669,    -0.40000000
       4, 0,    -1.00000000,    -0.50000000,    -0.40000000
       5, 0,    -1.00000000,    -0.33333334,    -0.40000000
       6, 0,    -0.66666669,    -1.00000000,    -0.40000000
       7, 0,    -0.66666669,    -0.83333331,    -0.40000000
       8, 0,    -0.66666669,    -0.66666669,    -0.40000000
       9, 0,    -0.66666669,    -0.50000000,    -0.40000000
      10, 0,    -0.66666669,    -0.33333334,    -0.40000000
      11, 0,    -0.33333334,    -1.00000000,    -0.40000000
      12, 0,    -0.33333334,    -0.83333331,    -0.40000000
      13, 0,    -0.33333334,    -0.66666669,    -0.40000000
      14, 0,    -0.33333334,    -0.50000000,    -0.40000000
      15, 0,    -0.33333334,    -0.33333334,    -0.40000000
      16, 0,     0.00000000,    -1.00000000,    -0.40000000
      17, 0,     0.00000000,    -0.83333331,    -0.40000000
      18, 0,     0.00000000,    -0.66666669,    -0.40000000
      19, 0,     0.00000000,    -0.50000000,    -0.40000000
      20, 0,     0.00000000,    -0.33333334,    -0.40000000
      21, 0,     0.33333334,    -1.00000000,    -0.40000000
      22, 0,     0.33333334,    -0.83333331,    -0.40000000
      23, 0,     0.33333334,    -0.66666669,    -0.40000000
      24, 0,     0.33333334,    -0.50000000,    -0.40000000
      25, 0,     0.33333331,    -0.33333331,    -0.40000000
      26, 0,     0.33333334,     0.00000000,    -0.40000000
      27, 0,     0.33333334,     0.33333334,    -0.40000000
      28, 0,     0.33333334,     0.66666669,    -0.40000000
      29, 0,     0.33333334,     1.00000000,    -0.40000000
      30, 0,     0.50000000,    -0.33333334,    -0.40000000
      31, 0,     0.50000000,     0.00000000,    -0.40000000
      32, 0,     0.50000000,     0.33333334,    -0.40000000
      33, 0,     0.50000000,     0.66666669,    -0.40000000
      34, 0,     0.50000000,     1.00000000,    -0.40000000
      35, 0,     0.66666669,    -0.33333334,    -0.40000000
      36, 0,     0.66666669,     0.00000000,    -0.40000000
      37, 0,     0.66666669,     0.33333334,    -0.40000000
      38, 0,     0.66666669,     0.66666669,    -0.40000000
      39, 0,     0.66666669,     1.00000000,    -0.40000000
      40, 0,     0.83333331,    -0.33333334,    -0.40000000
      41, 0,     0.83333331,     0.00000000,    -0.40000000
      42, 0,     0.83333331,     0.33333334,    -0.40000000
      43, 0,     0.83333331,     0.66666669,    -0.40000000
      44, 0,     0.83333331,     1.00000000,    -0.40000000
      45, 0,     1.00000000,    -0.33333334,    -0.40000000
      46, 0,     1.00000000,     0.00000000,    -0.40000000
      47, 0,     1.00000000,     0.33333334,    -0.40000000
      48, 0,     1.00000000,     0.66666669,    -0.40000000
      49, 0,     1.00000000,     1.00000000,    -0.40000000
      50, 0,     0.50000000,    -1.00000000,    -0.40000000
      51, 0,     0.50000000,    -0.83333331,    -0.40000000
      52, 0,     0.50000000,    -0.66666669,    -0.40000000
      53, 0,     0.50000000,    -0.50000000,    -0.40000000
      54, 0,     0.66666669,    -1.00000000,    -0.40000000
      55, 0,     0.66666669,    -0.83333331,    -0.40000000
      56, 0,     0.66666669,    -0.66666669,    -0.40000000
      57, 0,     0.66666669,    -0.50000000,    -0.40000000
      58, 0,     0.83333331,    -1.00000000,    -0.40000000
      59, 0,     0.83333331,    -0.83333331,    -0.40000000
      60, 0,     0.83333331,    -0.66666669,    -0.40000000
      61, 0,     0.83333331,    -0.50000000,    -0.40000000
      62, 0,     1.00000000,    -1.00000000,    -0.40000000
      63, 0,     1.00000000,    -0.83333331,    -0.40000000
      64, 0,     1.00000000,    -0.66666669,    -0.40000000
      65, 0,     1.00000000,    -0.50000000,    -0.40000000
      66, 0,    -1.00000000,     0.00000000,    -0.40000000
      67, 0,    -1.00000000,     0.33333334,    -0.40000000
      68, 0,    -1.00000000,     0.66666669,    -0.40000000
      69, 0,    -1.00000000,     1.00000000,    -0.40000000
      70, 0,    -0.66666669,     0.00000000,    -0.40000000
      71, 0,    -0.66666669,     0.33333334,    -0.40000000
      72, 0,    -0.66666669,     0.66666669,    -0.40000000
      73, 0,    -0.66666669,     1.00000000,    -0.40000000
      74, 0,    -0.33333334,     0.00000000,    -0.40000000
      75, 0,    -0.33333334,     0.33333334,    -0.40000000
      76, 0,    -0.33333334,     0.66666669,    -0.40000000
      77, 0,    -0.33333334,     1.00000000,    -0.40000000
      78, 0,     0.00000000,     0.00000000,    -0.40000000
      79, 0,     0.00000000,     0.33333334,    -0.40000000
      80, 0,     0.00000000,     0.66666669,    -0.40000000
      81, 0,     0.00000000,     1.00000000,    -0.40000000
      82, 0,    -0.71004725,    -0.75000000,    -0.40000000
      83, 0,    -0.62328607,    -0.91666669,    -0.40000000
      84, 0,    -0.04338059,    -0.41666666,    -0.40000000
      85, 0,     0.04338059,    -0.58333331,    -0.40000000
      86, 0,     0.41666666,     0.04338059,    -0.40000000
      87, 0,     0.58333331,    -0.04338059,    -0.40000000
      88, 0,     0.75000000,     0.71004725,    -0.40000000
      89, 0,     0.91666669,     0.62328607,    -0.40000000
      90, 0,     0.46477920,    -0.53522080,    -0.40000000
      91, 0,     0.53522080,    -0.46477920,    -0.40000000
      92, 0,     0.79811251,    -0.86855412,    -0.40000000
      93, 0,     0.86855412,    -0.79811251,    -0.40000000
      94, 0,    -1.00000000,    -1.00000000,     0.40000001
      95, 0,    -1.00000000,    -0.83333331,     0.40000001
      96, 0,    -1.00000000,    -0.66666669,     0.40000001
      97, 0,    -1.00000000,    -0.50000000,     0.40000001
      98, 0,    -1.00000000,    -0.33333334,     0.40000001
      99, 0,    -0.66666669,    -1.00000000,     0.40000001
     100, 0,    -0.66666669,    -0.83333331,     0.40000001
     101, 0,    -0.66666669,    -0.66666669,     0.40000001
     102, 0,    -0.66666669,    -0.50000000,     0.40000001
     103, 0,    -0.66666669,    -0.33333334,     0.40000001
     104, 0,    -0.33333334,    -1.00000000,     0.40000001
     105, 0,    -0.33333334,    -0.83333331,     0.40000001
     106, 0,    -0.33333334,    -0.66666669,     0.40000001
     107, 0,    -0.33333334,    -0.50000000,     0.40000001
     108, 0,    -0.33333334,    -0.33333334,     0.40000001
     109, 0,     0.00000000,    -1.00000000,     0.40000001
     110, 0,     0.00000000,    -0.83333331,     0.40000001
     111, 0,     0.00000000,    -0.66666669,     0.40000001
     112, 0,     0.00000000,    -0.50000000,     0.40000001
     113, 0,     0.00000000,    -0.33333334,     0.40000001
     114, 0,     0.33333334,    -1.00000000,     0.40000001
     115, 0,     0.33333334,    -0.83333331,     0.40000001
     116, 0,     0.33333334,    -0.66666669,     0.40000001
     117, 0,     0.33333334,    -0.50000000,     0.40000001
     118, 0,     0.33333331,    -0.33333331,     0.40000007
     119, 0,     0.33333334,     0.00000000,     0.40000001
     120, 0,     0.33333334,     0.33333334,     0.40000001
     121, 0,     0.33333334,     0.66666669,     0.40000001
     122, 0,     0.33333334,     1.00000000,     0.40000001
     123, 0,     0.50000000,    -0.33333334,     0.40000001
     124, 0,     0.50000000,     0.00000000,     0.40000001
     125, 0,     0.50000000,     0.33333334,     0.40000001
     126, 0,     0.50000000,     0.66666669,     0.40000001
     127, 0,     0.50000000,     1.00000000,     0.40000001
     128, 0,     0.66666669,    -0.33333334,     0.40000001
     129, 0,     0.66666669,     0.00000000,     0.40000001
     130, 0,     0.66666669,     0.33333334,     0.40000001
     131, 0,     0.66666669,     0.66666669,     0.40000001
     132, 0,     0.66666669,     1.00000000,     0.40000001
     133, 0,     0.83333331,    -0.33333334,     0.40000001
     134, 0,     0.83333331,     0.00000000,     0.40000001
     135, 0,     0.83333331,     0.33333334,     0.40000001
     136, 0,     0.83333331,     0.66666669,     0.40000001
     137, 0,     0.83333331,     1.00000000,     0.40000001
     138, 0,     1.00000000,    -0.33333334,     0.40000001
     139, 0,     1.00000000,     0.00000000,     0.40000001
     140, 0,     1.00000000,     0.33333334,     0.40000001
     141, 0,     1.00000000,     0.66666669,     0.40000001
     142, 0,     1.00000000,     1.00000000,     0.40000001
     143, 0,     0.50000000,    -1.00000000,     0.40000001
     144, 0,     0.50000000,    -0.83333331,     0.40000001
     145, 0,     0.50000000,    -0.66666669,     0.40000001
     146, 0,     0.50000000,    -0.50000000,     0.40000001
     147, 0,     0.66666669,    -1.00000000,     0.40000001
     148, 0,     0.66666669,    -0.83333331,     0.40000001
     149, 0,     0.66666669,    -0.66666669,     0.40000001
     150, 0,     0.66666669,    -0.50000000,     0.40000001
     151, 0,     0.83333331,    -1.00000000,     0.40000001
     152, 0,     0.83333331,    -0.83333331,     0.40000001
     153, 0,     0.83333331,    -0.66666669,     0.40000001
     154, 0,     0.83333331,    -0.50000000,     0.40000001
     155, 0,     1.00000000,    -1.00000000,     0.40000001
     156, 0,     1.00000000,    -0.83333331,     0.40000001
     157, 0,     1.00000000,    -0.66666669,     0.40000001
     158, 0,     1.00000000,    -0.50000000,     0.40000001
     159, 0,    -1.00000000,     0.00000000,     0.40000001
     160, 0,    -1.00000000,     0.33333334,     0.40000001
     161, 0,    -1.00000000,     0.66666669,     0.40000001
     162, 0,    -1.00000000,     1.00000000,     0.40000001
     163, 0,    -0.66666669,     0.00000000,     0.40000001
     164, 0,    -0.66666669,     0.33333334,     0.40000001
     165, 0,    -0.66666669,     0.66666669,     0.40000001
     166, 0,    -0.66666669,     1.00000000,     0.40000001
     167, 0,    -0.33333334,     0.00000000,     0.40000001
     168, 0,    -0.33333334,     0.33333334,     0.40000001
     169, 0,    -0.33333334,     0.66666669,     0.40000001
     170, 0,    -0.33333334,     1.00000000,     0.40000001
     171, 0,     0.00000000,     0.00000000,     0.40000001
     172, 0,     0.00000000,     0.33333334,     0.40000001
     173, 0,     0.00000000,     0.66666669,     0.40000001
     174, 0,     0.00000000,     1.00000000,     0.40000001
     175, 0,    -0.71004725,    -0.75000000,     0.40000001
     176, 0,    -0.62328607,    -0.91666669,     0.40000001
     177, 0,    -0.04338059,    -0.41666666,     0.40000001
     178, 0,     0.04338059,    -0.58333331,     0.40000001
     179, 0,     0.41666666,     0.04338059,     0.40000001
     180, 0,     0.58333331,    -0.04338059,     0.40000001
     181, 0,     0.75000000,     0.71004725,     0.40000001
     182, 0,     0.91666669,     0.62328607,     0.40000001
     183, 0,     0.46477920,    -0.53522080,     0.40000001
     184, 0,     0.53522080,    -0.46477920,     0.40000001
     185, 0,     0.79811251,    -0.86855412,     0.40000001
     186, 0,     0.86855412,    -0.79811251,     0.40000001
     187, 0,    -1.00000000,    -1.00000000,    -0.20000000
     188, 0,     0.33333334,    -0.33333334,    -0.20000000
     189, 0,    -0.66666669,    -0.83333331,    -0.20000000
     190, 0,     0.50000000,     0.00000000,    -0.20000000
     191, 0,     0.50000000,    -0.50000000,    -0.20000000
     192, 0,    -0.33333334,    -0.66666669,    -0.20000000
     193, 0,     0.66666669,     0.33333334,    -0.20000000
     194, 0,     0.66666669,    -0.66666669,    -0.20000000
     195, 0,     0.00000000,    -0.50000000,    -0.20000000
     196, 0,     0.83333331,     0.66666669,    -0.20000000
     197, 0,     0.83333331,    -0.83333331,    -0.20000000
     198, 0,     1.00000000,     1.00000000,    -0.20000000
     199, 0,     1.00000000,    -1.00000000,    -0.20000000
     200, 0,    -1.00000000,    -1.00000000,     0.00000001
     201, 0,     0.33333334,    -0.33333334,     0.00000001
     202, 0,    -0.66666669,    -0.83333331,     0.00000001
     203, 0,     0.50000000,     0.00000000,     0.00000001
     204, 0,     0.50000000,    -0.50000000,     0.00000001
     205, 0,    -0.33333334,    -0.66666669,     0.00000001
     206, 0,     0.66666669,     0.33333334,     0.00000001
     207, 0,     0.66666669,    -0.66666669,     0.00000001
     208, 0,     0.00000000,    -0.50000000,     0.00000001
     209, 0,     0.83333331,     0.66666669,     0.00000001
     210, 0,     0.83333331,    -0.83333331,     0.00000001
     211, 0,     1.00000000,     1.00000000,     0.00000001
     212, 0,     1.00000000,    -1.00000000,     0.00000001
     213, 0,    -1.00000000,    -1.00000000,     0.20000002
     214, 0,     0.33333334,    -0.33333334,     0.20000002
     215, 0,    -0.66666669,    -0.83333331,     0.20000002
     216, 0,     0.50000000,     0.00000000,     0.20000002
     217, 0,     0.50000000,    -0.50000000,     0.20000002
     218, 0,    -0.33333334,    -0.66666669,     0.20000002
     219, 0,     0.66666669,     0.33333334,     0.20000002
     220, 0,     0.66666669,    -0.66666669,     0.20000002
     221, 0,     0.00000000,    -0.50000000,     0.20000002
     222, 0,     0.83333331,     0.66666669,     0.20000002
     223, 0,     0.83333331,    -0.83333331,     0.20000002
     224, 0,     1.00000000,     1.00000000,     0.20000002
     225, 0,     1.00000000,    -1.00000000,     0.20000002

elem
       1, 1, 3, 8, 9, 4
       2, 1, 4, 9, 10, 5
       3, 1, 8, 13, 14, 9
       4, 1, 9, 14, 15, 10
       5, 1, 11, 16, 17, 12
       6, 1, 12, 17, 18, 13
       7, 1, 16, 21, 22, 17
       8, 1, 17, 22, 23, 18
       9, 1, 1, 7, 82, 2
      10, 1, 2, 82, 8, 3
      11, 1, 82, 7, 13, 8
      12, 1, 1, 6, 83, 7
      13, 1, 6, 11, 12, 83
      14, 1, 83, 12, 13, 7
      15, 1, 13, 19, 84, 14
      16, 1, 14, 84, 20, 15
      17, 1, 84, 19, 25, 20
      18, 1, 13, 18, 85, 19
      19, 1, 18, 23, 24, 85
      20, 1, 85, 24, 25, 19
      21, 1, 27, 32, 33, 28
      22, 1, 28, 33, 34, 29
      23, 1, 32, 37, 38, 33
      24, 1, 33, 38, 39, 34
      25, 1, 35, 40, 41, 36
      26, 1, 36, 41, 42, 37
      27, 1, 40, 45, 46, 41
      28, 1, 41, 46, 47, 42
      29, 1, 25, 31, 86, 26
      30, 1, 26, 86, 32, 27
      31, 1, 86, 31, 37, 32
      32, 1, 25, 30, 87, 31
      33, 1, 30, 35, 36, 87
      34, 1, 87, 36, 37, 31
      35, 1, 37, 43, 88, 38
      36, 1, 38, 88, 44, 39
      37, 1, 88, 43, 49, 44
      38, 1, 37, 42, 89, 43
      39, 1, 42, 47, 48, 89
      40, 1, 89, 48, 49, 43
      41, 1, 21, 50, 51, 22
      42, 1, 22, 51, 52, 23
      43, 1, 50, 54, 55, 51
      44, 1, 51, 55, 56, 52
      45, 1, 56, 60, 61, 57
      46, 1, 57, 61, 40, 35
      47, 1, 60, 64, 65, 61
      48, 1, 61, 65, 45, 40
      49, 1, 24, 90, 53, 25
      50, 1, 23, 52, 90, 24
      51, 1, 52, 56, 53, 90
      52, 1, 53, 91, 30, 25
      53, 1, 56, 57, 91, 53
      54, 1, 57, 35, 30, 91
      55, 1, 55, 92, 59, 56
      56, 1, 54, 58, 92, 55
      57, 1, 58, 62, 59, 92
      58, 1, 59, 93, 60, 56
      59, 1, 62, 63, 93, 59
      60, 1, 63, 64, 60, 93
      61, 1, 5, 10, 70, 66
      62, 1, 66, 70, 71, 67
      63, 1, 67, 71, 72, 68
      64, 1, 68, 72, 73, 69
      65, 1, 10, 15, 74, 70
      66, 1, 70, 74, 75, 71
      67, 1, 71, 75, 76, 72
      68, 1, 72, 76, 77, 73
      69, 1, 15, 20, 78, 74
      70, 1, 74, 78, 79, 75
      71, 1, 75, 79, 80, 76
      72, 1, 76, 80, 81, 77
      73, 1, 20, 25, 26, 78
      74, 1, 78, 26, 27, 79
      75, 1, 79, 27, 28, 80
      76, 1, 80, 28, 29, 81
      77, 1, 96, 101, 102, 97
      78, 1, 97, 102, 103, 98
      79, 1, 101, 106, 107, 102
      80, 1, 102, 107, 108, 103
      81, 1, 104, 109, 110, 105
      82, 1, 105, 110, 111, 106
      83, 1, 109, 114, 115, 110
      84, 1, 110, 115, 116, 111
      85, 1, 94, 100, 175, 95
      86, 1, 95, 175, 101, 96
      87, 1, 175, 100, 106, 101
      88, 1, 94, 99, 176, 100
      89, 1, 99, 104, 105, 176
      90, 1, 176, 105, 106, 100
      91, 1, 106, 112, 177, 107
      92, 1, 107, 177, 113, 108
      93, 1, 177, 112, 118, 113
      94, 1, 106, 111, 178, 112
      95, 1, 111, 116, 117, 178
      96, 1, 178, 117, 118, 112
      97, 1, 120, 125, 126, 121
      98, 1, 121, 126, 127, 122
      99, 1, 125, 130, 131, 126
     100, 1, 126, 131, 132, 127
     101, 1, 128, 133, 134, 129
     102, 1, 129, 134, 135, 130
     103, 1, 133, 138, 139, 134
     104, 1, 134, 139, 140, 135
     105, 1, 118, 124, 179, 119
     106, 1, 119, 179, 125, 120
     107, 1, 179, 124, 130, 125
     108, 1, 118, 123, 180, 124
     109, 1, 123, 128, 129, 180
     110, 1, 180, 129, 130, 124
     111, 1, 130, 136, 181, 131
     112, 1, 131, 181, 137, 132
     113, 1, 181, 136, 142, 137
     114, 1, 130, 135, 182, 136
     115, 1, 135, 140, 141, 182
     116, 1, 182, 141, 142, 136
     117, 1, 114, 143, 144, 115
     118, 1, 115, 144, 145, 116
     119, 1, 143, 147, 148, 144
     120, 1, 144, 148, 149, 145
     121, 1, 149, 153, 154, 150
     122, 1, 150, 154, 133, 128
     123, 1, 153, 157, 158, 154
     124, 1, 154, 158, 138, 133
     125, 1, 117, 183, 146, 118
     126, 1, 116, 145, 183, 117
     127, 1, 145, 149, 146, 183
     128, 1, 146, 184, 123, 118
     129, 1, 149, 150, 184, 146
     130, 1, 150, 128, 123, 184
     131, 1, 148, 185, 152, 149
     132, 1, 147, 151, 185, 148
     133, 1, 151, 155, 152, 185
     134, 1, 152, 186, 153, 149
     135, 1, 155, 156, 186, 152
     136, 1, 156, 157, 153, 186
     137, 1, 98, 103, 163, 159
     138, 1, 159, 163, 164, 160
     139, 1, 160, 164, 165, 161
     140, 1, 161, 165, 166, 162
     141, 1, 103, 108, 167, 163
     142, 1, 163, 167, 168, 164
     143, 1, 164, 168, 169, 165
     144, 1, 165, 169, 170, 166
     145, 1, 108, 113, 171, 167
     146, 1, 167, 171, 172, 168
     147, 1, 168, 172, 173, 169
     148, 1, 169, 173, 174, 170
     149, 1, 113, 118, 119, 171
     150, 1, 171, 119, 120, 172
     151, 1, 172, 120, 121, 173
     152, 1, 173, 121, 122, 174
     153, 1, 1, 7, 189, 187
     154, 1, 25, 31, 190, 188
     155, 1, 25, 53, 191, 188
     156, 1, 187, 189, 202, 200
     157, 1, 188, 190, 203, 201
     158, 1, 188, 191, 204, 201
     159, 1, 200, 202, 215, 213
     160, 1, 201, 203, 216, 214
     161, 1, 201, 204, 217, 214
     162, 1, 213, 215, 100, 94
     163, 1, 214, 216, 124, 118
     164, 1, 214, 217, 146, 118
     165, 1, 7, 13, 192, 189
     166, 1, 31, 37, 193, 190
     167, 1, 53, 56, 194, 191
     168, 1, 189, 192, 205, 202
     169, 1, 190, 193, 206, 203
     170, 1, 191, 194, 207, 204
     171, 1, 202, 205, 218, 215
     172, 1, 203, 206, 219, 216
     173, 1, 204, 207, 220, 217
     174, 1, 215, 218, 106, 100
     175, 1, 216, 219, 130, 124
     176, 1, 217, 220, 149, 146
     177, 1, 13, 19, 195, 192
     178, 1, 37, 43, 196, 193
     179, 1, 56, 59, 197, 194
     180, 1, 192, 195, 208, 205
     181, 1, 193, 196, 209, 206
     182, 1, 194, 197, 210, 207
     183, 1, 205, 208, 221, 218
     184, 1, 206, 209, 222, 219
     185, 1, 207, 210, 223, 220
     186, 1, 218, 221, 112, 106
     187, 1, 219, 222, 136, 130
     188, 1, 220, 223, 152, 149
     189, 1, 19, 25, 188, 195
     190, 1, 43, 49, 198, 196
     191, 1, 59, 62, 199, 197
     192, 1, 195, 188, 201, 208
     193, 1, 196, 198, 211, 209
     194, 1, 197, 199, 212, 210
     195, 1, 208, 201, 214, 221
     196, 1, 209, 211, 224, 222
     197, 1, 210, 212, 225, 223
     198, 1, 221, 214, 118, 112
     199, 1, 222, 224, 142, 136
     200, 1, 223, 225, 155, 152

vbou
-99.,99.,-99.,99.,-99.,99.,0,0,0,0,0,1

boun ** NSET=SET-NODE-FHG6
1, 0, 0, 0, 0, 0, 0, 0
7, 0, 0, 0, 0, 0, 0, 0
13, 0, 0, 0, 0, 0, 0, 0
19, 0, 0, 0, 0, 0, 0, 0
25, 0, 0, 0, 0, 0, 0, 0
31, 0, 0, 0, 0, 0, 0, 0
37, 0, 0, 0, 0, 0, 0, 0
43, 0, 0, 0, 0, 0, 0, 0
49, 0, 0, 0, 0, 0, 0, 0
53, 0, 0, 0, 0, 0, 0, 0
56, 0, 0, 0, 0, 0, 0, 0
59, 0, 0, 0, 0, 0, 0, 0
62, 0, 0, 0, 0, 0, 0, 0
94, 0, 0, 0, 0, 0, 0, 0
100, 0, 0, 0, 0, 0, 0, 0
106, 0, 0, 0, 0, 0, 0, 0
112, 0, 0, 0, 0, 0, 0, 0
118, 0, 0, 0, 0, 0, 0, 0
124, 0, 0, 0, 0, 0, 0, 0
130, 0, 0, 0, 0, 0, 0, 0
136, 0, 0, 0, 0, 0, 0, 0
142, 0, 0, 0, 0, 0, 0, 0
146, 0, 0, 0, 0, 0, 0, 0
149, 0, 0, 0, 0, 0, 0, 0
152, 0, 0, 0, 0, 0, 0, 0
155, 0, 0, 0, 0, 0, 0, 0
187, 0, 0, 0, 0, 0, 0, 0
188, 0, 0, 0, 0, 0, 0, 0
198, 0, 0, 0, 0, 0, 0, 0
199, 0, 0, 0, 0, 0, 0, 0
200, 0, 0, 0, 0, 0, 0, 0
201, 0, 0, 0, 0, 0, 0, 0
211, 0, 0, 0, 0, 0, 0, 0
212, 0, 0, 0, 0, 0, 0, 0
213, 0, 0, 0, 0, 0, 0, 0
214, 0, 0, 0, 0, 0, 0, 0
224, 0, 0, 0, 0, 0, 0, 0
225, 0, 0, 0, 0, 0, 0, 0

ebou   ** x-y Lagerung an Aussenkanten
1,-1.0,1,1,0
1,1.0,1,1,0
2,-1.0,1,1,0
2,1.0,1,1,0

poin   ** z-Lagerung unterer Mittelknoten
0.0,0.0,-0.4,0.8
0,0,0,0,0,0
0,0,1,0,0,0

edge   ** 6.DOF an aeusseren Zellwaenden eliminieren Ecken -1,-1; 1,-1; 1,1
-1.,-1.,-0.398,-1.,-1.,0.398,0,0,0,1000,0,0
0,0,0,0,0,1
1.,-1.,-0.398,1.,-1.,0.398,0,0,0,1000,0,0
0,0,0,0,0,1
1.,1.,-0.398,1.,1.,0.398,0,0,0,1000,0,0
0,0,0,0,0,1


mate
1,35
1,0,0,0
1,2,0.1,-0.05,1,0,5,000,1,3
0
7000,0.34
0,0.1


end
link
6,1,-1.000000,1.000000,1,1,0,1,1,1
6,2,-1.000000,1.000000,1,1,0,1,1,1

   
batc,tang
nopr
prop,,1
rest,,0,0
epsq 
loop,,2
tang,,1 
next
sigq
end,,0,0
1,1,0,10000,1

stop,tang


batc,updh
nopr
prop,,1
rest,,0,0
updh,,2
end,,0,0
1,1,0,10000,1

stop,updh


batc,micr
nopr
prop,,1
rest,,0
plot,pers
plot,mesh 
plot,axis
end,,0



inte
stop,micr
